44,35
8,15
8,14
8,5
8,4
35,79
35,78
35,77
35,76
35,75
35,74
35,73
35,72
35,71
35,70
35,69
35,68
8,8
8,1
8,6
35,67
35,66
8,2
35,65
8,3
0,318
35,64
12,2
12,1
35,39
35,38
35,37
35,36
35,35
35,34
35,33
35,32
35,31
35,30
35,29
12,3
35,28
35,27
35,26
35,25
35,24
35,20
35,19
35,13
35,7
19,2
19,1
35,4
35,1
34,575
34,574
34,573
34,572
34,571
34,570
34,569
34,568
34,567
34,566
19,3
34,565
34,564
34,563
34,562
34,561
34,560
34,559
34,558
34,557
34,556
34,555
34,554
34,553
34,552
34,551
34,550
34,549
34,548
34,547
34,546
34,545
34,544
34,543
34,542
34,541
34,540
34,539
34,538
34,537
34,536
34,535
34,534
34,533
34,532
34,531
34,530
34,529
34,528
34,527
34,526
34,525
34,524
34,523
34,511
34,510
34,509
34,508
34,507
34,506
34,505
34,504
34,503
34,502
34,501
34,500
34,499
34,498
34,497
34,496
34,495
34,494
34,493
34,492
34,491
34,490
34,489
34,488
34,487
34,486
34,483
34,470
34,469
34,468
34,457
34,455
34,454
34,453
34,452
34,451
34,450
34,449
34,448
34,390
34,389
34,388
34,387
34,386
18,1
34,385
18,3
14,1
34,384
34,315
34,314
34,313
34,312
34,311
34,310
34,309
34,308
34,307
14,4
34,306
34,305
14,3
13,1
34,304
13,3
